#1
double humidity(97,10) # mole fraction of water if oxygen is saturated 
0	283.15	293.15	303.15	313.15	323.15	333.15	343.15	353.15	363.15	# first column: pressure [bar], second column: mole fraction at 293.15K [mole H2O per mole O2+H2O], and so on
1.0000000	0.017592234	0.0233911	0.043121649	0.076783883	0.1243778	0.201267957	0.322818909	0.489030657	0.6999032
1.0353220	0.016942184	0.022528	0.041659192	0.074335758	0.1205577	0.195333853	0.313673054	0.475575303	0.6810406
1.0718910	0.016589668	0.021834	0.040182499	0.071635166	0.116192	0.188591488	0.303572117	0.461133888	0.6612768
1.1097520	0.016242264	0.0210568	0.038535618	0.068678718	0.1114861	0.181561798	0.293509848	0.447330248	0.643023
1.1489510	0.015584278	0.0203506	0.037468344	0.066937511	0.1087581	0.177071325	0.2860184	0.435599325	0.6258141
1.1895340	0.015115532	0.0197006	0.036250768	0.064766034	0.1052464	0.171437037	0.277083115	0.422184637	0.6067416
1.2315510	0.014881919	0.0190446	0.034735574	0.061954841	0.1007024	0.164598848	0.267264781	0.408700198	0.5889051
1.2750510	0.014178727	0.0184059	0.033781486	0.060305486	0.0979779	0.159670821	0.258256345	0.393734471	0.5661052
1.3200880	0.013849004	0.0178015	0.032526098	0.058022798	0.0942916	0.153964927	0.249675203	0.381422427	0.5492066
1.3667160	0.013344175	0.0171112	0.031293496	0.055891063	0.0909039	0.148628117	0.241359823	0.369099017	0.5318457
1.4149910	0.012792656	0.0164264	0.030136872	0.053924072	0.087788	0.143641525	0.233397517	0.357055975	0.5146169
1.4649710	0.012331428	0.0158635	0.029130486	0.052132386	0.0848692	0.13881699	0.225451821	0.34477369	0.4967826
1.5167170	0.011990544	0.015441	0.028304228	0.050580228	0.082269	0.134413787	0.218057833	0.333201137	0.4798437
1.5702900	0.011737969	0.0149957	0.027298082	0.048645115	0.0790368	0.129171701	0.209748385	0.320766851	0.4622271
1.6257560	0.011277691	0.0144679	0.026403371	0.047084105	0.0765101	0.12496482	0.202731726	0.30981082	0.4462021
1.6831800	0.010847745	0.0139565	0.025508044	0.045502377	0.0739395	0.120703919	0.195680142	0.298868169	0.430268
1.7426330	0.010423893	0.0134572	0.024640204	0.043972904	0.0714553	0.116580515	0.18884167	0.288238765	0.4147718
1.8041860	0.010003434	0.0129726	0.023786249	0.042444383	0.068947	0.112359082	0.181745609	0.277106582	0.398442
1.8679140	0.009779459	0.0126936	0.023169654	0.041207621	0.0668075	0.108632627	0.175346336	0.266948627	0.3834395
1.9338920	0.009441846	0.0122672	0.02236506	0.039735427	0.0643783	0.104592932	0.168678576	0.256635232	0.3684629
2.0022000	0.009047499	0.0117562	0.02147815	0.03821335	0.0619618	0.100749656	0.162603074	0.247522056	0.3555066
2.0729220	0.008634765	0.0113073	0.020761818	0.036998318	0.0600168	0.09750328	0.157143774	0.23893828	0.3428868
2.1461410	0.008357684	0.0109348	0.020060508	0.035734808	0.0579577	0.094155553	0.151754738	0.230755253	0.3311571
2.2219470	0.008026707	0.0105391	0.019369013	0.034516446	0.0559814	0.090891435	0.146374114	0.222429435	0.3190574
2.3004300	0.007774717	0.0102371	0.018788908	0.033430141	0.0541608	0.087794703	0.141145671	0.214213703	0.3069988
2.3816860	0.007466425	0.0098949	0.018199471	0.032380138	0.0524369	0.084873558	0.13619391	0.206397958	0.2954857
2.4658110	0.007184935	0.0095667	0.017620266	0.031345633	0.0507428	0.082038938	0.131461218	0.199009638	0.2846842
2.5529080	0.006842754	0.0091763	0.016980973	0.030256773	0.0490037	0.079181018	0.12674799	0.191704618	0.2740509
2.6430810	0.006624709	0.008858	0.016360795	0.029133095	0.0471749	0.076244605	0.122100607	0.184742905	0.2641715
2.7364400	0.006375672	0.0085618	0.015834347	0.028193314	0.0456387	0.073688972	0.117862595	0.178159572	0.2545799
2.8330960	0.006169616	0.0082954	0.015317692	0.027236492	0.0440518	0.071048478	0.113511387	0.171440528	0.2448359
2.9331660	0.005964359	0.0080198	0.01480632	0.02632392	0.0425726	0.068656771	0.109680845	0.165644821	0.2365487
3.0367710	0.005764671	0.0077511	0.014298431	0.025406664	0.0410758	0.066220309	0.105754662	0.159678859	0.2279929
3.1440350	0.005571325	0.007484	0.013795488	0.024505788	0.0396149	0.063866701	0.102005068	0.154030001	0.2199415
3.2550890	0.00537587	0.0072315	0.013325765	0.023658665	0.0382302	0.061595333	0.098309028	0.148371283	0.2117821
3.3700640	0.005229087	0.0070301	0.012918107	0.022893107	0.0369551	0.05948108	0.09484804	0.14305598	0.2041049
3.4891010	0.004959824	0.0067425	0.012487605	0.022195138	0.0358651	0.057695057	0.091882577	0.138427657	0.1973303
3.6123430	0.004842506	0.0065165	0.012008064	0.021317197	0.0344439	0.055487191	0.088546088	0.133620591	0.1907107
3.7399370	0.00469813	0.0063116	0.011611135	0.020596735	0.0332684	0.053587604	0.085515822	0.129053054	0.1841993
3.8720390	0.004493272	0.0060962	0.011264197	0.019997264	0.0322954	0.051936453	0.082698271	0.124580853	0.1775842
4.0088060	0.004398551	0.0058879	0.010816358	0.019183924	0.0309906	0.049953054	0.079787955	0.120495304	0.1720751
4.1504050	0.004195561	0.0056834	0.010497103	0.018636669	0.0301021	0.048427184	0.077145712	0.116257684	0.1657631
4.2970050	0.004113588	0.0055267	0.010150423	0.017984756	0.0290297	0.046725849	0.074513799	0.112393549	0.1603651
4.4487830	0.003963715	0.0053324	0.009811142	0.017399942	0.0280988	0.045240771	0.072158911	0.108853221	0.1553237
4.6059220	0.003815184	0.0051313	0.009447275	0.016763108	0.0270788	0.043614497	0.069590346	0.105006347	0.1498625
4.7686120	0.003708559	0.0049563	0.00910767	0.01616267	0.0261213	0.042134127	0.067351719	0.101774077	0.1454012
4.9370480	0.003576877	0.004776	0.008787878	0.015612512	0.0252499	0.040764506	0.065220791	0.098618756	0.1409584
5.1114330	0.003461022	0.0046236	0.008497472	0.015082639	0.0243791	0.039332006	0.062886508	0.095042606	0.1358003
5.2919790	0.00333273	0.0044678	0.008222052	0.014595485	0.0235881	0.038029429	0.060749006	0.091746829	0.1310229
5.4789010	0.00319975	0.0043016	0.007936359	0.014104025	0.0228046	0.03676904	0.058728304	0.08868239	0.1266313
5.6724260	0.003111472	0.00416	0.007657981	0.013605414	0.0220023	0.035511678	0.056796587	0.085857028	0.122693
5.8727870	0.003040842	0.004024	0.007387046	0.013129979	0.0212528	0.034390167	0.05517674	0.083612517	0.1196975
6.0802240	0.002908043	0.0039008	0.007188895	0.012772329	0.0206511	0.033307437	0.053223565	0.080399487	0.1148352
6.2949890	0.002822594	0.0037593	0.00691232	0.012281653	0.0198673	0.032094628	0.051389004	0.077750428	0.1111789
6.5173400	0.002737869	0.0036333	0.006677882	0.011871616	0.0192145	0.031075551	0.049823785	0.075459201	0.1079818
6.7475440	0.002646268	0.0035092	0.006458449	0.011494016	0.0186159	0.030132344	0.048351593	0.073273644	0.1048985
6.9858800	0.002552961	0.0033838	0.006232519	0.011099119	0.0179836	0.029123603	0.046756771	0.070883103	0.1015026
7.2326340	0.002537856	0.0032947	0.005989022	0.010620822	0.0171901	0.027901988	0.044961617	0.068368988	0.0981241
7.4881040	0.002433948	0.0031833	0.005816776	0.010334376	0.0167361	0.027147571	0.043694411	0.066376621	0.0951942
7.7525970	0.00236318	0.0030812	0.005623843	0.00999111	0.016183	0.026268764	0.042317652	0.064329664	0.0923048
8.0264340	0.002315555	0.0029993	0.005444956	0.009652522	0.015622	0.025365125	0.040893633	0.062207525	0.0893068
8.3099420	0.002159711	0.0028678	0.005293261	0.009436095	0.0152963	0.024776956	0.039781142	0.060308856	0.0863601
8.6034640	0.002095695	0.0027699	0.005111286	0.009119852	0.0147956	0.024003972	0.038610413	0.058614922	0.0840175
8.9073550	0.002024298	0.0026627	0.004902501	0.008743701	0.0141863	0.023034874	0.037093999	0.056363674	0.0808439
9.2219790	0.001974141	0.002577	0.004723279	0.008412979	0.0136461	0.022179354	0.035769456	0.054416404	0.0781202
9.5477160	0.001932947	0.0024987	0.004556293	0.008105726	0.013147	0.021402483	0.034594544	0.052723183	0.0757884
9.8849590	0.001882441	0.0024235	0.004408896	0.00783863	0.0127127	0.020708404	0.033503039	0.051096604	0.0734891
10.2341100	0.001819235	0.0023391	0.004258116	0.007576282	0.0122936	0.020041189	0.032450168	0.049520539	0.0712523
10.5956000	0.001752974	0.0022557	0.00411133	0.007319863	0.0118813	0.019372779	0.031371439	0.047877279	0.0688903
10.9698600	0.001692863	0.0021811	0.003976085	0.007077819	0.0114863	0.018720929	0.030301105	0.046226829	0.0664981
11.3573300	0.001639731	0.0021123	0.003846451	0.006842184	0.0110995	0.018083505	0.029259307	0.044626905	0.0641863
11.7585000	0.001583423	0.0020405	0.003716522	0.006611488	0.0107254	0.017473144	0.028269609	0.043114794	0.0620087
12.1738300	0.001536749	0.0019747	0.003590259	0.006383425	0.0103542	0.016874834	0.027317578	0.041682434	0.0599694
12.6038300	0.001487057	0.0019111	0.003475472	0.006180172	0.0100252	0.016339432	0.026451743	0.040362132	0.0580706
13.0490200	0.001427018	0.0018418	0.003357308	0.005973541	0.0096905	0.015782867	0.025525322	0.038917867	0.0559605
13.5099400	0.001373284	0.0017785	0.003247092	0.005779058	0.0093744	0.015257978	0.024654654	0.037564428	0.0539873
13.9871300	0.001329887	0.0017139	0.003124073	0.005560406	0.0090229	0.014703805	0.023795374	0.036297605	0.0522105
14.4811800	0.001292092	0.0016614	0.003022087	0.005374154	0.0087176	0.014206758	0.022995961	0.035085208	0.0504745
14.9926800	0.001246804	0.0016117	0.002935248	0.005217448	0.0084583	0.01376264	0.022235303	0.03387629	0.0486856
15.5222500	0.001194952	0.0015527	0.002836324	0.005045824	0.0081812	0.013301836	0.021467114	0.032677036	0.0469316
16.0705300	0.001154097	0.0015012	0.002740768	0.004872801	0.0078973	0.012832186	0.020695381	0.031486886	0.0452067
16.6381700	0.001118811	0.0014563	0.002656045	0.004718045	0.0076423	0.012409244	0.019999308	0.030412494	0.0436488
17.2258600	0.001081199	0.0014075	0.002564301	0.004551601	0.0073694	0.011960268	0.019266774	0.029288918	0.0420267
17.8343100	0.001042064	0.0013561	0.002469835	0.004383268	0.0070964	0.011517073	0.018553131	0.028204573	0.0404714
18.4642500	0.000997732	0.0013087	0.002391067	0.004244834	0.00687	0.011131055	0.01789249	0.027154305	0.0389165
19.1164400	0.000971923	0.0012793	0.002330638	0.004125938	0.0066652	0.010771975	0.017269817	0.026158725	0.0374387
19.7916700	0.000931346	0.0012348	0.00225516	0.003992427	0.0064466	0.010401601	0.016641351	0.025165851	0.0359751
20.4907500	0.000888197	0.0011885	0.002178235	0.003857401	0.006226	0.010026867	0.016002839	0.024153917	0.0344801
21.2145200	0.000845485	0.001146	0.002108574	0.003733208	0.0060199	0.009666698	0.015371647	0.023134748	0.032956
21.9638500	0.000818402	0.0011164	0.002050549	0.003620849	0.0058273	0.009329376	0.014786551	0.022198826	0.0315662
22.7396600	0.000777118	0.0010713	0.001977307	0.003495141	0.0056248	0.008991567	0.014220722	0.021312267	0.0302662
23.5428600	0.000741881	0.001037	0.001918893	0.003387559	0.005443	0.008670046	0.013653527	0.020393446	0.0288898
24.3744400	0.000705457	0.0010032	0.001864572	0.003289572	0.0052782	0.008376657	0.013131142	0.019541657	0.0276082
25.2353900	0.000672305	0.0009708	0.001810181	0.003190448	0.0051116	0.008084522	0.012620095	0.018718322	0.0263792
26.1267500	0.00064826	0.0009399	0.001749303	0.00307647	0.0049214	0.007767196	0.012096962	0.017910696	0.0252084
27.0496000	0.000615666	0.0009039	0.001688533	0.002969567	0.004747	0.007475556	0.011609958	0.017150206	0.0240963
