#1
double kappa(502,7) # first column: pressure [bar], second column:isentropic exponent kappa of hydrogen at 273.15K, and so on
0	273.15	323.15	373.15	423.15	473.15	523.15
0	1.409618	1.4024097	1.3992612	1.3979073	1.3972534	1.3967746
2	1.4117147	1.4041694	1.400771	1.3992239	1.3984165	1.3978128
4	1.4138181	1.4059327	1.4022828	1.4005418	1.3995802	1.3988515
6	1.4159282	1.4076993	1.4037964	1.4018607	1.4007448	1.3998905
8	1.4180449	1.4094694	1.405312	1.4031807	1.4019098	1.4009299
10	1.4201679	1.4112426	1.4068292	1.4045017	1.4030755	1.4019698
12	1.4222971	1.413019	1.4083482	1.4058237	1.4042418	1.4030099
14	1.4244323	1.4147985	1.4098688	1.4071467	1.4054086	1.4040504
16	1.4265732	1.4165809	1.411391	1.4084705	1.406576	1.4050912
18	1.4287198	1.4183662	1.4129149	1.4097953	1.4077439	1.4061323
20	1.4308718	1.4201542	1.4144403	1.411121	1.4089124	1.4071739
22	1.4330293	1.4219451	1.4159671	1.4124475	1.4100813	1.4082156
24	1.4351918	1.4237385	1.4174953	1.4137747	1.4112507	1.4092577
26	1.4373593	1.4255345	1.419025	1.4151027	1.4124205	1.4102999
28	1.4395318	1.4273329	1.4205558	1.4164315	1.4135908	1.4113425
30	1.441709	1.4291338	1.422088	1.4177611	1.4147614	1.4123852
32	1.4438908	1.4309368	1.4236215	1.4190912	1.4159325	1.4134283
34	1.446077	1.4327422	1.4251561	1.4204221	1.417104	1.4144715
36	1.4482675	1.4345497	1.4266919	1.4217536	1.4182757	1.415515
38	1.4504621	1.4363593	1.4282287	1.4230857	1.4194479	1.4165585
40	1.4526609	1.4381709	1.4297668	1.4244183	1.4206203	1.4176023
42	1.4548634	1.4399844	1.4313056	1.4257516	1.4217931	1.4186463
44	1.4570699	1.4417999	1.4328456	1.4270853	1.4229661	1.4196904
46	1.45928	1.4436171	1.4343865	1.4284196	1.4241394	1.4207346
48	1.4614936	1.4454361	1.4359282	1.4297543	1.425313	1.421779
50	1.4637107	1.4472567	1.4374709	1.4310894	1.4264867	1.4228235
52	1.4659312	1.449079	1.4390143	1.432425	1.4276607	1.4238681
54	1.4681548	1.4509028	1.4405586	1.433761	1.4288349	1.4249128
56	1.4703815	1.4527282	1.4421035	1.4350973	1.4300094	1.4259576
58	1.4726112	1.4545549	1.4436493	1.436434	1.4311839	1.4270024
60	1.4748439	1.456383	1.4451956	1.4377711	1.4323586	1.4280473
62	1.4770793	1.4582125	1.4467427	1.4391085	1.4335334	1.4290923
64	1.4793174	1.4600432	1.4482902	1.4404461	1.4347085	1.4301373
66	1.4815582	1.4618751	1.4498384	1.441784	1.4358835	1.4311823
68	1.4838015	1.4637082	1.4513872	1.4431221	1.4370587	1.4322273
70	1.4860471	1.4655424	1.4529364	1.4444605	1.438234	1.4332724
72	1.4882953	1.4673777	1.4544861	1.4457991	1.4394093	1.4343174
74	1.4905456	1.469214	1.4560363	1.4471378	1.4405847	1.4353625
76	1.4927981	1.4710512	1.4575869	1.4484768	1.4417601	1.4364074
78	1.4950527	1.4728893	1.4591379	1.4498159	1.4429355	1.4374524
80	1.4973093	1.4747283	1.4606892	1.4511551	1.4441109	1.4384973
82	1.499568	1.4765682	1.4622409	1.4524943	1.4452863	1.4395422
84	1.5018284	1.4784088	1.4637929	1.4538337	1.4464617	1.440587
86	1.5040907	1.4802501	1.4653451	1.4551731	1.4476371	1.4416318
88	1.5063547	1.4820923	1.4668976	1.4565126	1.4488125	1.4426764
90	1.5086203	1.4839349	1.4684504	1.4578521	1.4499878	1.443721
92	1.5108875	1.4857782	1.4700032	1.4591917	1.451163	1.4447656
94	1.5131563	1.4876221	1.4715564	1.4605312	1.4523382	1.44581
96	1.5154265	1.4894667	1.4731097	1.4618707	1.4535133	1.4468542
98	1.5176982	1.4913116	1.474663	1.4632102	1.4546882	1.4478984
100	1.5199711	1.493157	1.4762166	1.4645497	1.4558631	1.4489424
102	1.5222454	1.4950029	1.4777701	1.465889	1.4570378	1.4499862
104	1.5245209	1.4968491	1.4793237	1.4672283	1.4582124	1.45103
106	1.5267975	1.4986957	1.4808774	1.4685675	1.4593868	1.4520736
108	1.5290754	1.5005426	1.482431	1.4699066	1.4605612	1.453117
110	1.5313542	1.5023899	1.4839847	1.4712455	1.4617352	1.4541602
112	1.5336341	1.5042374	1.4855384	1.4725842	1.4629092	1.4552033
114	1.5359149	1.5060852	1.4870919	1.473923	1.464083	1.4562461
116	1.5381967	1.5079331	1.4886454	1.4752614	1.4652566	1.4572889
118	1.5404793	1.5097812	1.4901989	1.4765997	1.46643	1.4583313
120	1.5427628	1.5116296	1.4917521	1.4779378	1.4676031	1.4593736
122	1.5450469	1.5134779	1.4933054	1.4792757	1.468776	1.4604157
124	1.5473318	1.5153265	1.4948585	1.4806134	1.4699486	1.4614575
126	1.5496174	1.5171751	1.4964113	1.4819508	1.4711211	1.4624991
128	1.5519037	1.5190237	1.497964	1.4832879	1.4722933	1.4635406
130	1.5541906	1.5208724	1.4995166	1.4846249	1.4734652	1.4645816
132	1.556478	1.5227209	1.5010688	1.4859616	1.4746369	1.4656225
134	1.558766	1.5245695	1.5026209	1.4872979	1.4758083	1.4666631
136	1.5610545	1.5264181	1.5041728	1.488634	1.4769794	1.4677035
138	1.5633433	1.5282665	1.5057243	1.4899697	1.4781501	1.4687436
140	1.5656326	1.5301149	1.5072757	1.4913052	1.4793205	1.4697834
142	1.5679222	1.5319631	1.5088266	1.4926403	1.4804907	1.4708229
144	1.5702122	1.5338112	1.5103774	1.493975	1.4816606	1.4718622
146	1.5725025	1.5356592	1.5119277	1.4953095	1.48283	1.4729011
148	1.5747931	1.5375069	1.5134778	1.4966435	1.4839993	1.4739398
150	1.5770838	1.5393544	1.5150275	1.4979773	1.4851681	1.4749781
152	1.5793748	1.5412017	1.5165768	1.4993106	1.4863365	1.476016
154	1.581666	1.5430489	1.5181258	1.5006436	1.4875046	1.4770538
156	1.5839573	1.5448956	1.5196744	1.5019761	1.4886724	1.4780911
158	1.5862486	1.5467422	1.5212226	1.5033082	1.4898397	1.4791282
160	1.5885401	1.5485884	1.5227703	1.50464	1.4910067	1.4801649
162	1.5908316	1.5504342	1.5243176	1.5059712	1.4921733	1.4812013
164	1.5931232	1.5522798	1.5258645	1.507302	1.4933394	1.4822373
166	1.5954146	1.5541251	1.527411	1.5086324	1.4945053	1.4832729
168	1.5977061	1.55597	1.528957	1.5099624	1.4956707	1.4843082
170	1.5999975	1.5578144	1.5305026	1.5112919	1.4968356	1.4853432
172	1.6022887	1.5596584	1.5320475	1.5126209	1.4980001	1.4863778
174	1.6045799	1.5615021	1.5335921	1.5139495	1.4991642	1.487412
176	1.6068709	1.5633453	1.5351361	1.5152775	1.500328	1.4884459
178	1.6091617	1.565188	1.5366797	1.5166051	1.5014912	1.4894793
180	1.6114523	1.5670303	1.5382227	1.5179322	1.502654	1.4905124
182	1.6137427	1.5688722	1.5397651	1.5192587	1.5038162	1.4915451
184	1.6160328	1.5707135	1.5413071	1.5205847	1.5049782	1.4925773
186	1.6183226	1.5725543	1.5428485	1.5219103	1.5061396	1.4936092
188	1.6206121	1.5743946	1.5443894	1.5232353	1.5073005	1.4946407
190	1.6229013	1.5762345	1.5459296	1.5245597	1.508461	1.4956717
192	1.6251901	1.5780736	1.5474693	1.5258837	1.509621	1.4967023
194	1.6274786	1.5799123	1.5490084	1.527207	1.5107806	1.4977326
196	1.6297666	1.5817504	1.5505468	1.5285299	1.5119395	1.4987624
198	1.6320542	1.583588	1.5520847	1.529852	1.513098	1.4997917
200	1.6343414	1.5854249	1.553622	1.5311737	1.5142561	1.5008208
202	1.636628	1.5872612	1.5551586	1.5324949	1.5154135	1.5018492
204	1.6389142	1.5890969	1.5566946	1.5338154	1.5165706	1.5028772
206	1.6411998	1.5909319	1.55823	1.5351354	1.517727	1.5039049
208	1.643485	1.5927664	1.5597647	1.5364547	1.518883	1.504932
210	1.6457695	1.5946001	1.5612988	1.5377735	1.5200385	1.5059588
212	1.6480534	1.5964332	1.5628322	1.5390916	1.5211934	1.5069851
214	1.6503366	1.5982656	1.564365	1.5404091	1.5223478	1.5080109
216	1.6526194	1.6000974	1.5658971	1.541726	1.5235016	1.5090363
218	1.6549014	1.6019284	1.5674285	1.5430423	1.5246549	1.5100611
220	1.6571827	1.6037587	1.5689592	1.544358	1.5258076	1.5110856
222	1.6594634	1.6055883	1.5704892	1.5456731	1.5269599	1.5121095
224	1.6617433	1.6074172	1.5720185	1.5469875	1.5281115	1.513133
226	1.6640224	1.6092453	1.5735471	1.5483012	1.5292625	1.514156
228	1.6663009	1.6110727	1.575075	1.5496144	1.5304132	1.5151784
230	1.6685786	1.6128993	1.5766022	1.5509269	1.531563	1.5162005
232	1.6708554	1.6147251	1.5781287	1.5522387	1.5327125	1.517222
234	1.6731315	1.6165502	1.5796543	1.5535499	1.5338613	1.5182431
236	1.6754066	1.6183745	1.5811794	1.5548604	1.5350095	1.5192636
238	1.677681	1.6201979	1.5827036	1.5561702	1.5361571	1.5202837
240	1.6799544	1.6220206	1.5842271	1.5574794	1.5373042	1.5213032
242	1.6822269	1.6238425	1.5857497	1.558788	1.5384507	1.5223223
244	1.6844984	1.6256635	1.5872718	1.5600958	1.5395966	1.5233408
246	1.6867691	1.6274836	1.5887929	1.5614029	1.5407419	1.5243587
248	1.6890389	1.629303	1.5903134	1.5627093	1.5418866	1.5253763
250	1.6913075	1.6311215	1.591833	1.564015	1.5430306	1.5263933
252	1.6935753	1.6329391	1.5933518	1.5653201	1.5441742	1.5274098
254	1.6958419	1.6347558	1.59487	1.5666245	1.545317	1.5284257
256	1.6981076	1.6365716	1.5963873	1.5679281	1.5464593	1.5294411
258	1.7003722	1.6383866	1.5979037	1.569231	1.547601	1.5304561
260	1.7026356	1.6402007	1.5994195	1.5705333	1.5487419	1.5314704
262	1.7048981	1.6420139	1.6009343	1.5718348	1.5498824	1.5324842
264	1.7071594	1.6438261	1.6024483	1.5731356	1.5510222	1.5334976
266	1.7094195	1.6456375	1.6039616	1.5744357	1.5521613	1.5345103
268	1.7116785	1.6474478	1.605474	1.5757351	1.5532999	1.5355225
270	1.7139363	1.6492573	1.6069857	1.5770338	1.5544378	1.5365342
272	1.716193	1.6510658	1.6084964	1.5783316	1.555575	1.5375453
274	1.7184484	1.6528734	1.6100063	1.5796288	1.5567117	1.5385559
276	1.7207026	1.6546799	1.6115154	1.5809252	1.5578477	1.5395659
278	1.7229556	1.6564856	1.6130236	1.5822209	1.5589831	1.5405754
280	1.7252073	1.6582901	1.614531	1.5835159	1.5601177	1.5415844
282	1.7274576	1.6600938	1.6160376	1.5848101	1.5612519	1.5425928
284	1.7297068	1.6618965	1.6175433	1.5861036	1.5623852	1.5436006
286	1.7319546	1.6636981	1.6190481	1.5873963	1.563518	1.5446078
288	1.7342011	1.6654987	1.6205521	1.5886883	1.5646502	1.5456145
290	1.7364461	1.6672983	1.6220552	1.5899794	1.5657816	1.5466206
292	1.7386899	1.669097	1.6235574	1.5912699	1.5669124	1.5476263
294	1.7409322	1.6708945	1.6250588	1.5925596	1.5680425	1.5486312
296	1.7431731	1.672691	1.6265591	1.5938485	1.569172	1.5496356
298	1.7454126	1.6744864	1.6280588	1.5951366	1.5703008	1.5506395
300	1.7476506	1.6762809	1.6295575	1.596424	1.5714289	1.5516428
302	1.7498872	1.6780741	1.6310552	1.5977106	1.5725564	1.5526454
304	1.7521224	1.6798664	1.6325521	1.5989964	1.5736833	1.5536476
306	1.754356	1.6816577	1.6340481	1.6002815	1.5748093	1.5546491
308	1.7565881	1.6834477	1.6355432	1.6015657	1.5759348	1.5556501
310	1.7588187	1.6852367	1.6370374	1.6028491	1.5770595	1.5566505
312	1.7610478	1.6870246	1.6385306	1.6041318	1.5781837	1.5576503
314	1.7632753	1.6888114	1.640023	1.6054138	1.5793071	1.5586495
316	1.7655013	1.690597	1.6415144	1.6066949	1.5804298	1.5596482
318	1.7677256	1.6923816	1.643005	1.6079752	1.5815519	1.5606462
320	1.7699482	1.6941651	1.6444945	1.6092547	1.5826732	1.5616436
322	1.7721694	1.6959474	1.6459832	1.6105335	1.5837939	1.5626404
324	1.7743888	1.6977285	1.647471	1.6118114	1.584914	1.5636368
326	1.7766066	1.6995085	1.6489577	1.6130886	1.5860332	1.5646324
328	1.7788227	1.7012874	1.6504437	1.614365	1.5871518	1.5656275
330	1.7810371	1.703065	1.6519285	1.6156405	1.5882697	1.5666219
332	1.7832499	1.7048416	1.6534125	1.6169152	1.5893869	1.5676157
334	1.7854608	1.706617	1.6548955	1.6181891	1.5905035	1.568609
336	1.78767	1.7083911	1.6563776	1.6194623	1.5916193	1.5696018
338	1.7898775	1.7101641	1.6578587	1.6207346	1.5927345	1.5705938
340	1.7920833	1.7119358	1.6593388	1.622006	1.5938488	1.5715852
342	1.7942872	1.7137064	1.6608181	1.6232767	1.5949626	1.572576
344	1.7964894	1.7154757	1.6622963	1.6245465	1.5960755	1.5735663
346	1.7986897	1.7172439	1.6637735	1.6258156	1.5971879	1.574556
348	1.8008883	1.7190107	1.6652498	1.6270838	1.5982995	1.575545
350	1.803085	1.7207764	1.6667252	1.6283512	1.5994104	1.5765333
352	1.8052797	1.7225409	1.6681995	1.6296178	1.6005206	1.5775212
354	1.8074727	1.7243041	1.6696728	1.6308835	1.60163	1.5785084
356	1.8096638	1.726066	1.6711452	1.6321484	1.6027387	1.579495
358	1.8118528	1.7278267	1.6726166	1.6334125	1.6038468	1.5804808
360	1.8140401	1.7295861	1.674087	1.6346757	1.6049541	1.5814662
362	1.8162254	1.7313443	1.6755564	1.6359382	1.6060607	1.5824509
364	1.8184087	1.7331011	1.6770248	1.6371998	1.6071666	1.583435
366	1.8205901	1.7348567	1.6784923	1.6384605	1.6082718	1.5844185
368	1.8227695	1.7366111	1.6799587	1.6397204	1.6093763	1.5854013
370	1.824947	1.7383641	1.6814241	1.6409795	1.6104801	1.5863836
372	1.8271224	1.7401159	1.6828885	1.6422378	1.6115831	1.5873652
374	1.8292959	1.7418662	1.6843519	1.6434951	1.6126854	1.5883461
376	1.8314672	1.7436154	1.6858144	1.6447517	1.6137869	1.5893265
378	1.8336365	1.7453631	1.6872758	1.6460074	1.6148878	1.5903063
380	1.8358039	1.7471095	1.6887361	1.6472622	1.6159879	1.5912853
382	1.8379691	1.7488548	1.6901954	1.6485163	1.6170874	1.5922638
384	1.8401322	1.7505985	1.6916537	1.6497694	1.618186	1.5932417
386	1.8422933	1.7523409	1.6931111	1.6510217	1.6192839	1.5942189
388	1.8444523	1.7540821	1.6945673	1.6522732	1.6203811	1.5951955
390	1.846609	1.7558218	1.6960225	1.6535238	1.6214776	1.5961714
392	1.8487637	1.7575601	1.6974767	1.6547735	1.6225734	1.5971467
394	1.8509163	1.7592973	1.6989299	1.6560224	1.6236684	1.5981214
396	1.8530667	1.7610328	1.700382	1.6572704	1.6247628	1.5990955
398	1.855215	1.7627671	1.7018331	1.6585176	1.6258563	1.6000689
400	1.857361	1.7645	1.7032832	1.6597639	1.6269491	1.6010417
402	1.8595048	1.7662315	1.7047322	1.6610094	1.6280411	1.6020138
404	1.8616464	1.7679616	1.7061801	1.662254	1.6291325	1.6029854
406	1.8637859	1.7696903	1.707627	1.6634977	1.6302232	1.6039562
408	1.865923	1.7714176	1.7090728	1.6647406	1.631313	1.6049265
410	1.8680581	1.7731435	1.7105176	1.6659826	1.6324022	1.6058961
412	1.8701907	1.7748679	1.7119614	1.6672237	1.6334906	1.606865
414	1.8723212	1.776591	1.713404	1.668464	1.6345782	1.6078334
416	1.8744494	1.7783126	1.7148457	1.6697034	1.635665	1.608801
418	1.8765754	1.7800328	1.7162862	1.670942	1.6367513	1.609768
420	1.878699	1.7817515	1.7177256	1.6721796	1.6378367	1.6107345
422	1.8808202	1.7834688	1.7191641	1.6734164	1.6389214	1.6117002
424	1.8829392	1.7851847	1.7206014	1.6746522	1.6400054	1.6126653
426	1.8850558	1.7868991	1.7220377	1.6758872	1.6410885	1.6136298
428	1.8871702	1.788612	1.7234728	1.6771214	1.642171	1.6145936
430	1.8892821	1.7903235	1.7249069	1.6783547	1.6432527	1.6155568
432	1.8913918	1.7920336	1.7263399	1.6795871	1.6443337	1.6165193
434	1.893499	1.7937421	1.7277719	1.6808186	1.6454139	1.6174812
436	1.8956039	1.795449	1.7292027	1.6820493	1.6464933	1.6184425
438	1.8977064	1.7971547	1.7306325	1.683279	1.647572	1.6194031
440	1.8998064	1.7988588	1.7320611	1.6845078	1.64865	1.620363
442	1.9019041	1.8005613	1.7334887	1.6857358	1.6497273	1.6213224
444	1.9039993	1.8022623	1.7349151	1.686963	1.6508038	1.622281
446	1.9060923	1.8039619	1.7363405	1.6881891	1.6518795	1.623239
448	1.9081826	1.80566	1.7377648	1.6894145	1.6529545	1.6241964
450	1.9102706	1.8073565	1.739188	1.6906389	1.6540287	1.6251531
452	1.9123561	1.8090515	1.74061	1.6918625	1.6551021	1.6261091
454	1.9144392	1.810745	1.742031	1.6930852	1.6561749	1.6270646
456	1.9165198	1.812437	1.7434509	1.694307	1.6572468	1.6280193
458	1.9185978	1.8141274	1.7448696	1.6955278	1.658318	1.6289735
460	1.9206735	1.8158164	1.7462872	1.6967478	1.6593885	1.6299269
462	1.9227467	1.8175037	1.7477038	1.6979669	1.6604582	1.6308796
464	1.9248172	1.8191895	1.7491192	1.6991851	1.6615273	1.6318319
466	1.9268854	1.8208739	1.7505333	1.7004025	1.6625954	1.6327834
468	1.9289509	1.8225565	1.7519466	1.7016189	1.6636629	1.6337342
470	1.9310141	1.8242376	1.7533586	1.7028344	1.6647296	1.6346844
472	1.9330746	1.8259172	1.7547694	1.704049	1.6657954	1.635634
474	1.9351325	1.8275952	1.7561792	1.7052627	1.6668607	1.6365829
476	1.937188	1.8292717	1.7575879	1.7064755	1.6679251	1.6375312
478	1.9392408	1.8309466	1.7589954	1.7076875	1.6689888	1.6384788
480	1.9412912	1.8326198	1.7604017	1.7088984	1.6700517	1.6394256
482	1.943339	1.8342915	1.761807	1.7101086	1.6711138	1.6403719
484	1.9453841	1.8359616	1.7632111	1.7113178	1.6721753	1.6413176
486	1.9474267	1.83763	1.7646141	1.7125261	1.6732359	1.6422626
488	1.9494667	1.8392969	1.7660159	1.7137336	1.6742958	1.6432068
490	1.9515041	1.8409623	1.7674166	1.7149401	1.6753548	1.6441505
492	1.9535389	1.842626	1.7688161	1.7161456	1.6764132	1.6450936
494	1.955571	1.844288	1.7702144	1.7173504	1.6774708	1.6460359
496	1.9576006	1.8459485	1.7716117	1.7185541	1.6785277	1.6469775
498	1.9596276	1.8476074	1.7730078	1.719757	1.6795838	1.6479186
500	1.9616519	1.8492646	1.7744027	1.720959	1.680639	1.648859
502	1.9636736	1.8509202	1.7757964	1.72216	1.6816937	1.6497988
504	1.9656926	1.8525741	1.7771891	1.7233602	1.6827475	1.6507379
506	1.967709	1.8542265	1.7785805	1.7245594	1.6838005	1.6516763
508	1.9697227	1.8558772	1.7799709	1.7257577	1.6848527	1.652614
510	1.9717338	1.8575262	1.7813599	1.7269552	1.6859043	1.6535511
512	1.9737422	1.8591737	1.782748	1.7281517	1.686955	1.6544876
514	1.975748	1.8608195	1.7841347	1.7293472	1.688005	1.6554234
516	1.977751	1.8624635	1.7855204	1.730542	1.6890543	1.6563585
518	1.9797513	1.8641059	1.7869048	1.7317357	1.6901027	1.657293
520	1.981749	1.8657467	1.7882881	1.7329285	1.6911504	1.6582268
522	1.9837441	1.8673859	1.7896702	1.7341204	1.6921973	1.65916
524	1.9857364	1.8690233	1.7910513	1.7353114	1.6932435	1.6600925
526	1.9877261	1.8706592	1.792431	1.7365016	1.694289	1.6610243
528	1.989713	1.8722934	1.7938097	1.7376907	1.6953336	1.6619556
530	1.9916972	1.8739258	1.795187	1.738879	1.6963774	1.6628861
532	1.9936787	1.8755566	1.7965633	1.7400663	1.6974206	1.663816
534	1.9956574	1.8771857	1.7979383	1.7412527	1.698463	1.6647452
536	1.9976335	1.878813	1.7993122	1.7424382	1.6995045	1.6656739
538	1.9996068	1.8804388	1.8006849	1.7436228	1.7005453	1.6666018
540	2.0015774	1.8820628	1.8020564	1.7448064	1.7015854	1.667529
542	2.0035453	1.8836851	1.8034267	1.7459891	1.7026247	1.6684556
544	2.0055103	1.8853058	1.8047959	1.7471709	1.7036632	1.6693815
546	2.0074728	1.8869247	1.8061638	1.7483518	1.704701	1.6703068
548	2.0094326	1.888542	1.8075305	1.7495317	1.705738	1.6712315
550	2.0113893	1.8901576	1.8088961	1.7507108	1.7067742	1.6721554
552	2.0133436	1.8917713	1.8102604	1.7518889	1.7078097	1.6730788
554	2.015295	1.8933835	1.8116236	1.7530661	1.7088444	1.6740015
556	2.0172436	1.8949939	1.8129855	1.7542423	1.7098783	1.6749234
558	2.0191894	1.8966026	1.8143463	1.7554176	1.7109115	1.6758448
560	2.0211325	1.8982096	1.8157058	1.756592	1.711944	1.6767654
562	2.023073	1.8998148	1.8170642	1.7577655	1.7129756	1.6776855
564	2.0250106	1.9014183	1.8184214	1.7589381	1.7140064	1.6786048
566	2.0269454	1.9030201	1.8197773	1.7601097	1.7150366	1.6795236
568	2.0288773	1.9046203	1.821132	1.7612803	1.7160659	1.6804416
570	2.0308065	1.9062185	1.8224856	1.7624501	1.7170945	1.681359
572	2.0327332	1.9078152	1.8238379	1.763619	1.7181224	1.6822758
574	2.0346568	1.9094101	1.825189	1.7647868	1.7191494	1.6831919
576	2.0365777	1.9110032	1.8265388	1.7659538	1.7201756	1.6841073
578	2.0384958	1.9125946	1.8278875	1.7671198	1.7212012	1.6850221
580	2.0404112	1.9141842	1.829235	1.7682849	1.7222259	1.6859362
582	2.0423238	1.9157722	1.8305813	1.769449	1.7232499	1.6868497
584	2.0442336	1.9173583	1.8319263	1.7706122	1.7242731	1.6877625
586	2.0461404	1.9189428	1.8332701	1.7717745	1.7252955	1.6886747
588	2.0480447	1.9205254	1.8346127	1.7729359	1.7263172	1.6895862
590	2.049946	1.9221064	1.8359541	1.7740964	1.7273381	1.690497
592	2.0518446	1.9236854	1.8372942	1.7752558	1.7283583	1.6914072
594	2.0537405	1.9252629	1.8386332	1.7764144	1.7293776	1.6923168
596	2.0556333	1.9268385	1.839971	1.777572	1.7303963	1.6932256
598	2.0575235	1.9284124	1.8413074	1.7787286	1.7314141	1.6941339
600	2.059411	1.9299846	1.8426427	1.7798845	1.7324312	1.6950414
602	2.0612955	1.9315549	1.8439767	1.7810392	1.7334476	1.6959484
604	2.0631773	1.9331235	1.8453095	1.7821931	1.7344631	1.6968546
606	2.0650563	1.9346904	1.8466411	1.783346	1.7354778	1.6977602
608	2.0669324	1.9362553	1.8479714	1.784498	1.7364918	1.6986651
610	2.0688057	1.9378186	1.8493005	1.7856491	1.7375051	1.6995695
612	2.0706763	1.9393802	1.8506284	1.7867992	1.7385175	1.7004731
614	2.0725439	1.9409399	1.851955	1.7879484	1.7395293	1.7013761
616	2.0744088	1.9424978	1.8532805	1.7890966	1.7405403	1.7022784
618	2.076271	1.944054	1.8546047	1.7902439	1.7415504	1.7031801
620	2.0781302	1.9456085	1.8559276	1.7913902	1.7425598	1.704081
622	2.0799868	1.9471611	1.8572494	1.7925357	1.7435684	1.7049814
624	2.0818403	1.9487119	1.8585699	1.7936801	1.7445763	1.7058812
626	2.0836911	1.950261	1.859889	1.7948236	1.7455834	1.7067803
628	2.0855393	1.9518082	1.861207	1.7959663	1.7465898	1.7076787
630	2.0873845	1.9533538	1.8625238	1.7971079	1.7475954	1.7085764
632	2.089227	1.9548974	1.8638393	1.7982486	1.7486002	1.7094736
634	2.0910666	1.9564394	1.8651536	1.7993884	1.7496042	1.7103701
636	2.0929034	1.9579794	1.8664666	1.8005272	1.7506075	1.7112658
638	2.0947373	1.9595178	1.8677784	1.8016651	1.75161	1.712161
640	2.0965683	1.9610543	1.8690889	1.802802	1.7526118	1.7130555
642	2.0983968	1.9625891	1.8703983	1.803938	1.7536128	1.7139493
644	2.1002223	1.964122	1.8717062	1.805073	1.754613	1.7148426
646	2.102045	1.9656533	1.8730131	1.8062072	1.7556125	1.7157351
648	2.103865	1.9671826	1.8743187	1.8073404	1.7566111	1.716627
650	2.105682	1.9687102	1.875623	1.8084725	1.757609	1.7175182
652	2.1074963	1.970236	1.8769261	1.8096038	1.7586062	1.7184088
654	2.1093078	1.9717599	1.8782278	1.8107342	1.7596025	1.7192988
656	2.1111164	1.9732821	1.8795284	1.8118635	1.7605982	1.7201881
658	2.1129222	1.9748025	1.8808278	1.812992	1.7615931	1.7210767
660	2.1147254	1.9763211	1.8821257	1.8141195	1.7625872	1.7219647
662	2.1165257	1.9778379	1.8834226	1.815246	1.7635804	1.7228521
664	2.118323	1.9793528	1.8847182	1.8163717	1.7645731	1.7237388
666	2.1201177	1.9808661	1.8860124	1.8174963	1.7655649	1.7246249
668	2.1219094	1.9823774	1.8873055	1.81862	1.7665559	1.7255104
670	2.1236985	1.983887	1.8885974	1.8197428	1.7675462	1.7263951
672	2.1254847	1.9853947	1.8898878	1.8208646	1.7685357	1.7272792
674	2.1272683	1.9869007	1.8911772	1.8219855	1.7695245	1.7281626
676	2.1290488	1.9884049	1.8924652	1.8231053	1.7705123	1.7290455
678	2.1308267	1.9899071	1.893752	1.8242244	1.7714996	1.7299277
680	2.1326017	1.9914078	1.8950375	1.8253424	1.7724861	1.7308092
682	2.134374	1.9929065	1.8963218	1.8264595	1.7734717	1.73169
684	2.1361434	1.9944034	1.8976047	1.8275757	1.7744567	1.7325703
686	2.1379101	1.9958985	1.8988864	1.8286908	1.7754408	1.7334499
688	2.139674	1.9973918	1.900167	1.829805	1.7764243	1.7343289
690	2.1414351	1.9988834	1.9014462	1.8309183	1.7774069	1.7352072
692	2.1431932	2.0003731	1.9027241	1.8320307	1.7783887	1.7360848
694	2.144949	2.0018609	1.9040009	1.8331422	1.7793698	1.7369618
696	2.1467016	2.003347	1.9052763	1.8342526	1.7803502	1.7378381
698	2.1484516	2.0048313	1.9065505	1.8353621	1.7813298	1.738714
700	2.1501987	2.0063138	1.9078234	1.8364706	1.7823086	1.739589
702	2.1519432	2.0077944	1.9090952	1.8375782	1.7832867	1.7404635
704	2.1536849	2.0092733	1.9103656	1.8386849	1.784264	1.7413373
706	2.1554236	2.0107503	1.9116347	1.8397906	1.7852405	1.7422104
708	2.1571598	2.0122254	1.9129026	1.8408954	1.7862163	1.7430829
710	2.158893	2.0136988	1.9141692	1.8419992	1.7871913	1.7439548
712	2.1606236	2.0151703	1.9154346	1.8431021	1.7881656	1.744826
714	2.1623514	2.0166402	1.9166987	1.844204	1.789139	1.7456965
716	2.1640763	2.0181081	1.9179615	1.845305	1.7901118	1.7465665
718	2.1657987	2.0195744	1.9192231	1.846405	1.7910838	1.7474358
720	2.1675181	2.0210388	1.9204834	1.847504	1.792055	1.7483045
722	2.169235	2.0225012	1.9217424	1.8486022	1.7930254	1.7491726
724	2.170949	2.023962	1.9230002	1.8496994	1.7939951	1.7500399
726	2.17266	2.025421	1.9242567	1.8507956	1.7949641	1.7509067
728	2.1743686	2.026878	1.925512	1.8518909	1.7959322	1.7517728
730	2.1760745	2.0283334	1.9267659	1.8529853	1.7968997	1.7526382
732	2.1777775	2.0297868	1.9280187	1.8540787	1.7978663	1.7535031
734	2.1794777	2.0312386	1.9292701	1.8551711	1.7988322	1.7543672
736	2.1811752	2.0326886	1.9305204	1.8562626	1.7997973	1.7552308
738	2.1828701	2.0341365	1.9317693	1.8573531	1.8007617	1.7560937
740	2.1845622	2.0355828	1.933017	1.8584427	1.8017254	1.756956
742	2.1862514	2.0370274	1.9342633	1.8595313	1.8026882	1.7578176
744	2.1879382	2.03847	1.9355085	1.8606191	1.8036503	1.7586787
746	2.189622	2.0399108	1.9367524	1.8617058	1.8046117	1.759539
748	2.1913033	2.04135	1.937995	1.8627915	1.8055723	1.7603987
750	2.1929817	2.0427873	1.9392363	1.8638765	1.8065321	1.7612579
752	2.1946573	2.0442226	1.9404764	1.8649603	1.8074912	1.7621163
754	2.1963305	2.0456562	1.9417152	1.8660433	1.8084495	1.7629741
756	2.1980007	2.0470881	1.9429528	1.8671253	1.8094071	1.7638314
758	2.1996684	2.0485182	1.9441891	1.8682064	1.8103639	1.7646879
760	2.2013333	2.0499463	1.9454241	1.8692865	1.81132	1.7655438
762	2.2029955	2.0513728	1.9466579	1.8703656	1.8122753	1.7663991
764	2.2046552	2.0527976	1.9478904	1.8714439	1.8132298	1.7672539
766	2.206312	2.0542204	1.9491216	1.8725212	1.8141836	1.7681079
768	2.207966	2.0556414	1.9503516	1.8735975	1.8151367	1.7689613
770	2.2096176	2.0570607	1.9515803	1.8746729	1.8160889	1.769814
772	2.2112663	2.058478	1.9528077	1.8757473	1.8170404	1.7706661
774	2.2129123	2.0598936	1.9540339	1.8768208	1.8179913	1.7715176
776	2.2145557	2.0613074	1.9552587	1.8778933	1.8189412	1.7723686
778	2.2161965	2.0627196	1.9564824	1.8789649	1.8198905	1.7732188
780	2.2178347	2.0641298	1.9577048	1.8800356	1.820839	1.7740684
782	2.21947	2.0655384	1.9589258	1.8811053	1.8217868	1.7749174
784	2.2211027	2.066945	1.9601457	1.8821741	1.8227339	1.7757658
786	2.2227328	2.0683498	1.9613644	1.8832419	1.82368	1.7766135
788	2.2243602	2.069753	1.9625816	1.8843088	1.8246256	1.7774606
790	2.225985	2.0711544	1.9637978	1.8853747	1.8255703	1.7783071
792	2.2276073	2.0725539	1.9650126	1.8864397	1.8265144	1.7791529
794	2.2292268	2.0739515	1.9662261	1.8875037	1.8274577	1.7799981
796	2.2308435	2.0753474	1.9674383	1.8885669	1.8284001	1.7808427
798	2.2324579	2.0767417	1.9686494	1.889629	1.8293419	1.7816867
800	2.2340693	2.078134	1.9698591	1.8906902	1.8302829	1.7825301
802	2.2356782	2.0795245	1.9710677	1.8917505	1.8312231	1.7833728
804	2.2372847	2.0809133	1.9722749	1.8928097	1.8321626	1.7842149
806	2.2388883	2.0823004	1.9734809	1.8938681	1.8331014	1.7850562
808	2.2404895	2.0836856	1.9746855	1.8949256	1.8340394	1.7858971
810	2.2420878	2.0850692	1.9758891	1.895982	1.8349767	1.7867373
812	2.2436838	2.0864508	1.9770913	1.8970376	1.8359132	1.7875769
814	2.245277	2.0878308	1.9782922	1.8980922	1.836849	1.7884159
816	2.2468677	2.0892088	1.9794918	1.8991458	1.837784	1.7892543
818	2.2484555	2.0905852	1.9806904	1.9001986	1.8387183	1.790092
820	2.250041	2.0919597	1.9818875	1.9012504	1.8396518	1.7909291
822	2.2516239	2.0933325	1.9830834	1.9023012	1.8405846	1.7917656
824	2.253204	2.0947037	1.9842781	1.9033511	1.8415166	1.7926015
826	2.2547817	2.096073	1.9854715	1.9044001	1.842448	1.7934366
828	2.256357	2.0974405	1.9866636	1.9054481	1.8433785	1.7942712
830	2.2579293	2.0988061	1.9878545	1.9064952	1.8443083	1.7951053
832	2.2594993	2.1001701	1.9890441	1.9075413	1.8452374	1.7959386
834	2.2610667	2.1015322	1.9902325	1.9085865	1.8461657	1.7967714
836	2.2626317	2.1028926	1.9914196	1.9096308	1.8470932	1.7976036
838	2.2641938	2.1042514	1.9926054	1.9106741	1.8480201	1.7984351
840	2.2657535	2.1056085	1.9937901	1.9117165	1.8489462	1.799266
842	2.2673106	2.1069634	1.9949734	1.9127579	1.8498715	1.8000963
844	2.268865	2.108317	1.9961556	1.9137985	1.8507961	1.800926
846	2.2704172	2.1096685	1.9973364	1.914838	1.85172	1.8017551
848	2.2719667	2.1110184	1.9985161	1.9158766	1.8526431	1.8025835
850	2.2735136	2.1123667	1.9996945	1.9169143	1.8535655	1.8034112
852	2.275058	2.113713	2.0008714	1.9179511	1.8544871	1.8042386
854	2.2766	2.1150577	2.0020473	1.9189869	1.855408	1.8050652
856	2.2781394	2.1164005	2.003222	1.9200218	1.8563281	1.805891
858	2.2796762	2.1177416	2.0043952	1.9210557	1.8572476	1.8067164
860	2.2812104	2.119081	2.0055676	1.9220887	1.8581662	1.8075413
862	2.2827423	2.1204188	2.0067384	1.9231209	1.8590841	1.8083653
864	2.2842717	2.1217546	2.0079079	1.9241519	1.8600013	1.8091888
866	2.2857985	2.1230888	2.0090764	1.9251822	1.8609178	1.8100117
868	2.2873228	2.1244214	2.0102434	1.9262115	1.8618336	1.810834
870	2.2888446	2.125752	2.0114093	1.9272398	1.8627485	1.8116558
872	2.2903638	2.127081	2.012574	1.9282672	1.8636628	1.8124769
874	2.2918808	2.1284082	2.0137374	1.9292936	1.8645763	1.8132973
876	2.293395	2.1297336	2.0148995	1.9303192	1.8654891	1.8141172
878	2.2949069	2.1310573	2.0160606	1.9313439	1.8664011	1.8149364
880	2.2964163	2.1323793	2.0172203	1.9323676	1.8673124	1.8157551
882	2.2979233	2.1336997	2.0183785	1.9333903	1.868223	1.8165731
884	2.2994277	2.1350183	2.0195358	1.9344121	1.8691329	1.8173906
886	2.3009298	2.1363351	2.0206916	1.935433	1.870042	1.8182074
888	2.3024292	2.1376503	2.0218465	1.936453	1.8709503	1.8190236
890	2.3039265	2.1389637	2.023	1.937472	1.871858	1.8198391
892	2.305421	2.1402755	2.0241523	1.9384902	1.8727648	1.8206542
894	2.3069131	2.1415854	2.0253031	1.9395074	1.873671	1.8214686
896	2.308403	2.1428936	2.026453	1.9405235	1.8745764	1.8222823
898	2.3098903	2.1442	2.0276015	1.9415389	1.8754811	1.8230956
900	2.3113751	2.145505	2.0287488	1.9425533	1.8763851	1.8239081
902	2.3128576	2.1468081	2.0298948	1.9435668	1.8772883	1.82472
904	2.3143377	2.1481094	2.0310397	1.9445794	1.8781909	1.8255315
906	2.3158152	2.1494093	2.0321834	1.945591	1.8790927	1.8263422
908	2.3172905	2.1507072	2.0333257	1.9466016	1.8799938	1.8271524
910	2.3187633	2.1520035	2.0344667	1.9476115	1.8808941	1.8279619
912	2.3202338	2.1532981	2.0356069	1.9486202	1.8817936	1.8287709
914	2.3217018	2.154591	2.0367455	1.9496281	1.8826926	1.8295792
916	2.3231673	2.1558824	2.0378828	1.9506352	1.8835907	1.830387
918	2.3246305	2.1571717	2.039019	1.9516412	1.8844881	1.8311942
920	2.3260913	2.1584597	2.0401542	1.9526464	1.8853848	1.8320006
922	2.3275497	2.1597457	2.041288	1.9536506	1.8862808	1.8328066
924	2.3290057	2.16103	2.0424204	1.954654	1.8871759	1.833612
926	2.3304596	2.162313	2.043552	1.9556564	1.8880705	1.8344167
928	2.3319108	2.163594	2.044682	1.9566579	1.8889643	1.8352209
930	2.3333597	2.1648734	2.045811	1.9576584	1.8898573	1.8360244
932	2.3348064	2.166151	2.0469384	1.958658	1.8907497	1.8368274
934	2.3362505	2.167427	2.048065	1.9596567	1.8916413	1.8376298
936	2.3376925	2.1687014	2.0491903	1.9606545	1.8925321	1.8384315
938	2.339132	2.169974	2.0503142	1.9616514	1.8934224	1.8392327
940	2.3405693	2.171245	2.051437	1.9626474	1.8943118	1.8400333
942	2.342004	2.1725142	2.0525587	1.9636425	1.8952005	1.8408332
944	2.3434365	2.1737819	2.053679	1.9646366	1.8960885	1.8416326
946	2.3448668	2.1750479	2.0547981	1.9656298	1.8969758	1.8424314
948	2.3462946	2.1763122	2.055916	1.9666221	1.8978623	1.8432297
950	2.3477201	2.1775749	2.0570328	1.9676135	1.8987482	1.8440272
952	2.3491435	2.1788359	2.0581484	1.968604	1.8996333	1.8448242
954	2.3505642	2.1800952	2.0592625	1.9695935	1.9005177	1.8456206
956	2.3519828	2.1813529	2.0603757	1.9705821	1.9014014	1.8464165
958	2.3533993	2.1826088	2.0614877	1.9715699	1.9022843	1.8472117
960	2.3548133	2.1838632	2.0625982	1.9725567	1.9031665	1.8480064
962	2.356225	2.1851158	2.0637076	1.9735427	1.9040481	1.8488004
964	2.3576343	2.186367	2.064816	1.9745277	1.9049289	1.8495939
966	2.3590415	2.1876163	2.065923	1.9755118	1.9058089	1.8503867
968	2.3604465	2.1888642	2.067029	1.9764949	1.9066883	1.851179
970	2.361849	2.1901102	2.0681336	1.9774772	1.907567	1.8519707
972	2.3632493	2.1913548	2.069237	1.9784586	1.908445	1.8527617
974	2.3646474	2.1925976	2.0703392	1.979439	1.9093221	1.8535523
976	2.366043	2.1938388	2.0714402	1.9804186	1.9101987	1.8543422
978	2.3674366	2.1950784	2.07254	1.9813973	1.9110745	1.8551316
980	2.368828	2.1963162	2.073639	1.982375	1.9119496	1.8559203
982	2.370217	2.1975527	2.0747364	1.9833518	1.912824	1.8567085
984	2.3716037	2.1987872	2.0758326	1.9843278	1.9136976	1.8574961
986	2.3729885	2.2000203	2.0769277	1.9853028	1.9145706	1.8582832
988	2.3743706	2.2012517	2.0780215	1.986277	1.9154428	1.8590695
990	2.3757508	2.2024815	2.0791142	1.9872502	1.9163144	1.8598553
992	2.3771286	2.2037098	2.0802057	1.9882225	1.9171852	1.8606406
994	2.3785043	2.2049363	2.081296	1.9891939	1.9180553	1.8614253
996	2.3798776	2.2061613	2.082385	1.9901645	1.9189247	1.8622093
998	2.381249	2.2073846	2.083473	1.991134	1.9197935	1.8629929
1000	2.382618	2.2086062	2.0845597	1.9921029	1.9206614	1.8637757
